Timestamp, Latitude, Northing, Longitude, Easting, Northing2, Zone
1487795931208787, 42.33871, 4689499.50225, -71.0900666667, 327823.009552, 4689499.50225, 19
 1487795932227931, 42.3387033333, 4689498.76197, -71.0900666667, 327822.991356, 4689498.76197, 19
 1487795933208856, 42.3386983333, 4689498.24051, -71.0900833333, 327821.604673, 4689498.24051, 19
 1487795934208714, 42.3386966667, 4689498.05544, -71.0900833333, 327821.600124, 4689498.05544, 19
 1487795935210556, 42.3386933333, 4689497.6853, -71.0900833333, 327821.591026, 4689497.6853, 19
 1487795936208687, 42.3386866667, 4689496.91126, -71.0900666667, 327822.945867, 4689496.91126, 19
 1487795937209708, 42.33868, 4689496.17098, -71.0900666667, 327822.927671, 4689496.17098, 19
 1487795938209856, 42.3386783333, 4689495.95216, -71.09005, 327824.296158, 4689495.95216, 19
 1487795939209546, 42.3386833333, 4689496.50737, -71.09005, 327824.309805, 4689496.50737, 19
 1487795940208211, 42.33869, 4689497.28141, -71.0900666667, 327822.954965, 4689497.28141, 19
 1487795941209225, 42.3387, 4689498.39183, -71.0900666667, 327822.982258, 4689498.39183, 19
 1487795942209879, 42.3387116667, 4689499.72107, -71.0900833333, 327821.641065, 4689499.72107, 19
 1487795943209493, 42.3387216667, 4689500.8315, -71.0900833333, 327821.66836, 4689500.8315, 19
 1487795944209617, 42.3387316667, 4689501.94192, -71.0900833333, 327821.695654, 4689501.94192, 19
 1487795945209091, 42.33874, 4689502.90102, -71.0901, 327820.345363, 4689502.90102, 19
 1487795946209493, 42.3387516667, 4689504.19652, -71.0901, 327820.377207, 4689504.19652, 19
 1487795947210124, 42.3387633333, 4689505.49201, -71.0901, 327820.40905, 4689505.49201, 19
 1487795948225577, 42.3387733333, 4689506.63619, -71.0901166667, 327819.06331, 4689506.63619, 19
 1487795949208558, 42.338785, 4689507.93168, -71.0901166667, 327819.095154, 4689507.93168, 19
 1487795950208684, 42.338795, 4689509.04211, -71.0901166667, 327819.122448, 4689509.04211, 19
 1487795951207718, 42.338805, 4689510.18628, -71.0901333333, 327817.776709, 4689510.18628, 19
 1487795952208176, 42.3388166667, 4689511.48177, -71.0901333333, 327817.808553, 4689511.48177, 19
 1487795953208713, 42.3388283333, 4689512.81102, -71.09015, 327816.467364, 4689512.81102, 19
 1487795954208361, 42.33884, 4689514.10651, -71.09015, 327816.499208, 4689514.10651, 19
 1487795955207616, 42.3388533333, 4689515.62083, -71.0901666667, 327815.162569, 4689515.62083, 19
 1487795956207744, 42.338865, 4689516.91633, -71.0901666667, 327815.194413, 4689516.91633, 19
 1487795957212296, 42.3388766667, 4689518.21182, -71.0901666667, 327815.226258, 4689518.21182, 19
 1487795958209848, 42.3388883333, 4689519.54107, -71.0901833333, 327813.88507, 4689519.54107, 19
 1487795959210501, 42.3389, 4689520.83656, -71.0901833333, 327813.916915, 4689520.83656, 19
 1487795960209051, 42.3389116667, 4689522.13206, -71.0901833333, 327813.94876, 4689522.13206, 19
 1487795961208766, 42.338925, 4689523.64637, -71.0902, 327812.612122, 4689523.64637, 19
 1487795962209708, 42.3389366667, 4689524.94187, -71.0902, 327812.643967, 4689524.94187, 19
 1487795963208891, 42.3389483333, 4689526.23736, -71.0902, 327812.675812, 4689526.23736, 19
 1487795964209024, 42.33896, 4689527.56661, -71.0902166667, 327811.334627, 4689527.56661, 19
 1487795965227156, 42.33897, 4689528.67703, -71.0902166667, 327811.361923, 4689528.67703, 19
 1487795966208144, 42.3389816667, 4689529.97253, -71.0902166667, 327811.393768, 4689529.97253, 19
 1487795967224919, 42.338995, 4689531.48684, -71.0902333333, 327810.057133, 4689531.48684, 19
 1487795968207109, 42.3390066667, 4689532.78234, -71.0902333333, 327810.088979, 4689532.78234, 19
 1487795969207854, 42.3390166667, 4689533.92651, -71.09025, 327808.743246, 4689533.92651, 19
 1487795970208771, 42.339025, 4689534.85187, -71.09025, 327808.765993, 4689534.85187, 19
 1487795971209486, 42.3390366667, 4689536.14736, -71.09025, 327808.797839, 4689536.14736, 19
 1487795972226621, 42.33905, 4689537.66168, -71.0902666667, 327807.461206, 4689537.66168, 19
 1487795973208768, 42.33906, 4689538.7721, -71.0902666667, 327807.488502, 4689538.7721, 19
 1487795974209509, 42.33907, 4689539.91628, -71.0902833333, 327806.142771, 4689539.91628, 19
 1487795975208452, 42.33908, 4689541.0267, -71.0902833333, 327806.170068, 4689541.0267, 19
 1487795976208044, 42.3390916667, 4689542.35595, -71.0903, 327804.828886, 4689542.35595, 19
 1487795977207934, 42.3391016667, 4689543.46638, -71.0903, 327804.856184, 4689543.46638, 19
 1487795978208168, 42.3391133333, 4689544.79562, -71.0903166667, 327803.515003, 4689544.79562, 19
 1487795979207815, 42.3391233333, 4689545.90605, -71.0903166667, 327803.542301, 4689545.90605, 19
 1487795980227460, 42.339135, 4689547.20154, -71.0903166667, 327803.574147, 4689547.20154, 19
 1487795981209514, 42.339145, 4689548.34572, -71.0903333333, 327802.228418, 4689548.34572, 19
 1487795982208912, 42.339155, 4689549.4899, -71.09035, 327800.88269, 4689549.4899, 19
 1487795983227737, 42.339165, 4689550.60032, -71.09035, 327800.909988, 4689550.60032, 19
 1487795984208894, 42.339175, 4689551.71075, -71.09035, 327800.937285, 4689551.71075, 19
 1487795985207459, 42.339185, 4689552.82117, -71.09035, 327800.964583, 4689552.82117, 19
 1487795986208035, 42.339195, 4689553.93159, -71.09035, 327800.991881, 4689553.93159, 19
 1487795987207446, 42.339205, 4689555.04202, -71.09035, 327801.019179, 4689555.04202, 19
 1487795988208829, 42.3392183333, 4689556.55634, -71.0903666667, 327799.682551, 4689556.55634, 19
 1487795989209623, 42.3392283333, 4689557.66676, -71.0903666667, 327799.709849, 4689557.66676, 19
 1487795990211451, 42.3392383333, 4689558.77719, -71.0903666667, 327799.737147, 4689558.77719, 19
 1487795991208791, 42.3392466667, 4689559.73629, -71.0903833333, 327798.386872, 4689559.73629, 19
 1487795992206811, 42.339255, 4689560.66165, -71.0903833333, 327798.40962, 4689560.66165, 19
 1487795993210844, 42.3392616667, 4689561.43568, -71.0904, 327797.054795, 4689561.43568, 19
 1487795994211119, 42.33927, 4689562.39479, -71.0904166667, 327795.70452, 4689562.39479, 19
 1487795995213260, 42.33928, 4689563.50522, -71.0904166667, 327795.731819, 4689563.50522, 19
 1487795996211121, 42.3392883333, 4689564.46433, -71.0904333333, 327794.381545, 4689564.46433, 19
 1487795997210995, 42.3392983333, 4689565.57475, -71.0904333333, 327794.408844, 4689565.57475, 19
 1487795998210757, 42.33931, 4689566.83649, -71.0904166667, 327795.813715, 4689566.83649, 19
 1487795999229651, 42.3393183333, 4689567.76184, -71.0904166667, 327795.836464, 4689567.76184, 19
 1487796000211852, 42.3393283333, 4689568.87227, -71.0904166667, 327795.863763, 4689568.87227, 19
 1487796001212080, 42.3393366667, 4689569.83138, -71.0904333333, 327794.51349, 4689569.83138, 19
 1487796002210447, 42.339345, 4689570.75673, -71.0904333333, 327794.536239, 4689570.75673, 19
 1487796003210880, 42.3393533333, 4689571.68208, -71.0904333333, 327794.558988, 4689571.68208, 19
 1487796004210209, 42.33936, 4689572.42237, -71.0904333333, 327794.577188, 4689572.42237, 19
 1487796005214905, 42.3393683333, 4689573.34772, -71.0904333333, 327794.599937, 4689573.34772, 19
 1487796006209428, 42.3393733333, 4689573.90293, -71.0904333333, 327794.613586, 4689573.90293, 19
 1487796007209734, 42.339385, 4689575.19843, -71.0904333333, 327794.645435, 4689575.19843, 19
 1487796008208814, 42.3393983333, 4689576.67899, -71.0904333333, 327794.681834, 4689576.67899, 19
 1487796009207838, 42.33941, 4689577.97449, -71.0904333333, 327794.713683, 4689577.97449, 19
 1487796010208309, 42.3394216667, 4689579.30374, -71.09045, 327793.372511, 4689579.30374, 19
 1487796011206884, 42.3394316667, 4689580.41416, -71.09045, 327793.399811, 4689580.41416, 19
 1487796012208754, 42.33944, 4689581.33951, -71.09045, 327793.42256, 4689581.33951, 19
 1487796013208183, 42.3394483333, 4689582.26487, -71.09045, 327793.445309, 4689582.26487, 19
 1487796014208316, 42.3394583333, 4689583.37529, -71.09045, 327793.472609, 4689583.37529, 19
 1487796015209143, 42.3394666667, 4689584.3344, -71.0904666667, 327792.122339, 4689584.3344, 19
 1487796016226107, 42.339475, 4689585.25975, -71.0904666667, 327792.145088, 4689585.25975, 19
 1487796017208370, 42.339485, 4689586.37018, -71.0904666667, 327792.172388, 4689586.37018, 19
 1487796018226865, 42.339495, 4689587.4806, -71.0904666667, 327792.199687, 4689587.4806, 19
 1487796019208868, 42.3395083333, 4689588.96117, -71.0904666667, 327792.236087, 4689588.96117, 19
 1487796020208700, 42.3395233333, 4689590.62681, -71.0904666667, 327792.277036, 4689590.62681, 19
 1487796021208946, 42.3395383333, 4689592.29244, -71.0904666667, 327792.317985, 4689592.29244, 19
 1487796022226702, 42.3395533333, 4689593.95808, -71.0904666667, 327792.358935, 4689593.95808, 19
 1487796023207832, 42.33957, 4689595.80879, -71.0904666667, 327792.404434, 4689595.80879, 19
 1487796024207747, 42.3395866667, 4689597.65949, -71.0904666667, 327792.449933, 4689597.65949, 19
 1487796025209133, 42.3395966667, 4689598.76992, -71.0904666667, 327792.477233, 4689598.76992, 19
 1487796026208296, 42.3396066667, 4689599.88034, -71.0904666667, 327792.504533, 4689599.88034, 19
 1487796027208979, 42.3396166667, 4689600.99077, -71.0904666667, 327792.531832, 4689600.99077, 19

