Timestamp, Latitude, Northing, Longitude, Easting, Northing2, Zone
1487795160716736, 42.33884, 4689513.63404, -71.0899166667, 327835.721672, 4689513.63404, 19
1487795161704198, 42.338475, 4689473.27229, -71.09, 327827.860311, 4689473.27229, 19
1487795162704191, 42.3384783333, 4689473.64244, -71.09, 327827.869409, 4689473.64244, 19
1487795163623079, 42.3384783333, 4689473.64244, -71.09, 327827.869409, 4689473.64244, 19
1487795164204200, 42.338635, 4689491.14032, -71.09005, 327824.177886, 4689491.14032, 19
1487795165206084, 42.3387066667, 4689499.06461, -71.0900333333, 327825.746526, 4689499.06461, 19
1487795166205502, 42.3387466667, 4689503.50631, -71.0900333333, 327825.8557, 4689503.50631, 19
1487795167206675, 42.3387633333, 4689505.35702, -71.0900333333, 327825.901189, 4689505.35702, 19
1487795168206556, 42.3387733333, 4689506.46744, -71.0900333333, 327825.928483, 4689506.46744, 19
1487795169205730, 42.33878, 4689507.20773, -71.0900333333, 327825.946679, 4689507.20773, 19
1487795170205869, 42.3387833333, 4689507.57787, -71.0900333333, 327825.955776, 4689507.57787, 19
1487795171206380, 42.3387866667, 4689507.94801, -71.0900333333, 327825.964874, 4689507.94801, 19
1487795172207128, 42.3387866667, 4689507.94801, -71.0900333333, 327825.964874, 4689507.94801, 19
1487795173236100, 42.3387866667, 4689507.94801, -71.0900333333, 327825.964874, 4689507.94801, 19
1487795174205998, 42.3387866667, 4689507.94801, -71.0900333333, 327825.964874, 4689507.94801, 19
1487795175207039, 42.3387866667, 4689507.94801, -71.0900333333, 327825.964874, 4689507.94801, 19
1487795176205987, 42.3387866667, 4689507.94801, -71.0900333333, 327825.964874, 4689507.94801, 19
1487795177206737, 42.3387866667, 4689507.94801, -71.0900333333, 327825.964874, 4689507.94801, 19
1487795178205961, 42.3387866667, 4689507.94801, -71.0900333333, 327825.964874, 4689507.94801, 19
1487795179221335, 42.3387866667, 4689507.94801, -71.0900333333, 327825.964874, 4689507.94801, 19
1487795180206259, 42.3387866667, 4689507.94801, -71.0900333333, 327825.964874, 4689507.94801, 19
1487795181206160, 42.3387866667, 4689507.94801, -71.0900333333, 327825.964874, 4689507.94801, 19
1487795182206241, 42.3387866667, 4689507.94801, -71.0900333333, 327825.964874, 4689507.94801, 19
1487795183206052, 42.3387866667, 4689507.94801, -71.0900333333, 327825.964874, 4689507.94801, 19
1487795184207026, 42.3387866667, 4689507.94801, -71.0900333333, 327825.964874, 4689507.94801, 19
1487795185222004, 42.3387866667, 4689507.94801, -71.0900333333, 327825.964874, 4689507.94801, 19
1487795186210003, 42.338785, 4689507.76294, -71.0900333333, 327825.960325, 4689507.76294, 19
1487795187209513, 42.3387833333, 4689507.57787, -71.0900333333, 327825.955776, 4689507.57787, 19
1487795188209712, 42.3387833333, 4689507.57787, -71.0900333333, 327825.955776, 4689507.57787, 19
1487795189209761, 42.3387816667, 4689507.3928, -71.0900333333, 327825.951228, 4689507.3928, 19
1487795190209479, 42.3387816667, 4689507.3928, -71.0900333333, 327825.951228, 4689507.3928, 19
1487795191223636, 42.33878, 4689507.20773, -71.0900333333, 327825.946679, 4689507.20773, 19
1487795192208942, 42.33878, 4689507.20773, -71.0900333333, 327825.946679, 4689507.20773, 19
1487795193209456, 42.3387783333, 4689507.02265, -71.0900333333, 327825.94213, 4689507.02265, 19
1487795194208559, 42.3387783333, 4689507.02265, -71.0900333333, 327825.94213, 4689507.02265, 19
1487795195208288, 42.3387783333, 4689507.02265, -71.0900333333, 327825.94213, 4689507.02265, 19
1487795196208606, 42.3387766667, 4689506.83758, -71.0900333333, 327825.937581, 4689506.83758, 19
1487795197208938, 42.3387766667, 4689506.83758, -71.0900333333, 327825.937581, 4689506.83758, 19
1487795198208385, 42.338775, 4689506.65251, -71.0900333333, 327825.933032, 4689506.65251, 19
1487795199208224, 42.338775, 4689506.65251, -71.0900333333, 327825.933032, 4689506.65251, 19
1487795200208519, 42.338775, 4689506.65251, -71.0900333333, 327825.933032, 4689506.65251, 19
1487795201209259, 42.3387733333, 4689506.46744, -71.0900333333, 327825.928483, 4689506.46744, 19
1487795202208832, 42.3387733333, 4689506.46744, -71.0900333333, 327825.928483, 4689506.46744, 19
1487795203237830, 42.3387716667, 4689506.28237, -71.0900333333, 327825.923934, 4689506.28237, 19
1487795204208423, 42.3387716667, 4689506.28237, -71.0900333333, 327825.923934, 4689506.28237, 19
1487795205208138, 42.3387716667, 4689506.28237, -71.0900333333, 327825.923934, 4689506.28237, 19
1487795206208314, 42.33877, 4689506.0973, -71.0900333333, 327825.919385, 4689506.0973, 19
1487795207208072, 42.33877, 4689506.0973, -71.0900333333, 327825.919385, 4689506.0973, 19
1487795208212949, 42.33877, 4689506.0973, -71.0900333333, 327825.919385, 4689506.0973, 19
1487795209210684, 42.3387683333, 4689505.91223, -71.0900333333, 327825.914836, 4689505.91223, 19
1487795210208685, 42.3387683333, 4689505.91223, -71.0900333333, 327825.914836, 4689505.91223, 19
1487795211209709, 42.3387683333, 4689505.91223, -71.0900333333, 327825.914836, 4689505.91223, 19
1487795212225364, 42.3387666667, 4689505.72716, -71.0900333333, 327825.910287, 4689505.72716, 19
1487795213225288, 42.3387666667, 4689505.72716, -71.0900333333, 327825.910287, 4689505.72716, 19
1487795214225146, 42.3387666667, 4689505.72716, -71.0900333333, 327825.910287, 4689505.72716, 19
1487795215226846, 42.3387666667, 4689505.72716, -71.0900333333, 327825.910287, 4689505.72716, 19
1487795216209391, 42.338765, 4689505.54209, -71.0900333333, 327825.905738, 4689505.54209, 19
1487795217209255, 42.338765, 4689505.54209, -71.0900333333, 327825.905738, 4689505.54209, 19
1487795218209144, 42.338765, 4689505.54209, -71.0900333333, 327825.905738, 4689505.54209, 19
1487795219226835, 42.3387633333, 4689505.35702, -71.0900333333, 327825.901189, 4689505.35702, 19
1487795220225808, 42.3387633333, 4689505.35702, -71.0900333333, 327825.901189, 4689505.35702, 19
1487795221213837, 42.3387633333, 4689505.35702, -71.0900333333, 327825.901189, 4689505.35702, 19
1487795222208586, 42.3387633333, 4689505.35702, -71.0900333333, 327825.901189, 4689505.35702, 19
1487795223209342, 42.3387616667, 4689505.17195, -71.0900333333, 327825.896641, 4689505.17195, 19
1487795224209787, 42.3387616667, 4689505.17195, -71.0900333333, 327825.896641, 4689505.17195, 19
1487795225208604, 42.3387616667, 4689505.17195, -71.0900333333, 327825.896641, 4689505.17195, 19
1487795226208380, 42.33876, 4689504.98688, -71.0900333333, 327825.892092, 4689504.98688, 19
1487795227209777, 42.33876, 4689504.98688, -71.0900333333, 327825.892092, 4689504.98688, 19
1487795228208829, 42.33876, 4689504.98688, -71.0900333333, 327825.892092, 4689504.98688, 19
1487795229208493, 42.33876, 4689504.98688, -71.0900333333, 327825.892092, 4689504.98688, 19
1487795230208767, 42.3387583333, 4689504.80181, -71.0900333333, 327825.887543, 4689504.80181, 19
1487795231208626, 42.3387583333, 4689504.80181, -71.0900333333, 327825.887543, 4689504.80181, 19
1487795232208621, 42.3387583333, 4689504.80181, -71.0900333333, 327825.887543, 4689504.80181, 19
1487795233239074, 42.3387566667, 4689504.61674, -71.0900333333, 327825.882994, 4689504.61674, 19
1487795234208740, 42.3387566667, 4689504.61674, -71.0900333333, 327825.882994, 4689504.61674, 19
1487795235208801, 42.3387566667, 4689504.61674, -71.0900333333, 327825.882994, 4689504.61674, 19
1487795236209265, 42.3387566667, 4689504.61674, -71.0900333333, 327825.882994, 4689504.61674, 19
1487795237208346, 42.338755, 4689504.43166, -71.0900333333, 327825.878445, 4689504.43166, 19
1487795238208487, 42.338755, 4689504.43166, -71.0900333333, 327825.878445, 4689504.43166, 19
1487795239209721, 42.338755, 4689504.43166, -71.0900333333, 327825.878445, 4689504.43166, 19
1487795240208622, 42.3387533333, 4689504.24659, -71.0900333333, 327825.873896, 4689504.24659, 19
1487795241208953, 42.3387533333, 4689504.24659, -71.0900333333, 327825.873896, 4689504.24659, 19
1487795242209082, 42.3387533333, 4689504.24659, -71.0900333333, 327825.873896, 4689504.24659, 19
1487795243208315, 42.3387533333, 4689504.24659, -71.0900333333, 327825.873896, 4689504.24659, 19
1487795244209396, 42.3387516667, 4689504.06152, -71.0900333333, 327825.869347, 4689504.06152, 19
1487795245209540, 42.3387516667, 4689504.06152, -71.0900333333, 327825.869347, 4689504.06152, 19
1487795246209089, 42.3387516667, 4689504.06152, -71.0900333333, 327825.869347, 4689504.06152, 19
1487795247208881, 42.33875, 4689503.87645, -71.0900333333, 327825.864798, 4689503.87645, 19
1487795248209305, 42.33875, 4689503.87645, -71.0900333333, 327825.864798, 4689503.87645, 19
1487795249208626, 42.33875, 4689503.87645, -71.0900333333, 327825.864798, 4689503.87645, 19
1487795250208995, 42.33875, 4689503.87645, -71.0900333333, 327825.864798, 4689503.87645, 19
1487795251210368, 42.3387483333, 4689503.69138, -71.0900333333, 327825.860249, 4689503.69138, 19
1487795252208706, 42.3387483333, 4689503.69138, -71.0900333333, 327825.860249, 4689503.69138, 19
1487795253208564, 42.3387483333, 4689503.69138, -71.0900333333, 327825.860249, 4689503.69138, 19
1487795254210147, 42.3387466667, 4689503.50631, -71.0900333333, 327825.8557, 4689503.50631, 19
1487795255210337, 42.3387466667, 4689503.50631, -71.0900333333, 327825.8557, 4689503.50631, 19
1487795256210153, 42.3387466667, 4689503.50631, -71.0900333333, 327825.8557, 4689503.50631, 19
1487795257210879, 42.3387466667, 4689503.50631, -71.0900333333, 327825.8557, 4689503.50631, 19
1487795258210146, 42.3387466667, 4689503.50631, -71.0900333333, 327825.8557, 4689503.50631, 19
1487795259211032, 42.3387466667, 4689503.50631, -71.0900333333, 327825.8557, 4689503.50631, 19
1487795260210554, 42.338745, 4689503.32124, -71.0900333333, 327825.851151, 4689503.32124, 19
1487795261210098, 42.338745, 4689503.32124, -71.0900333333, 327825.851151, 4689503.32124, 19
1487795262226372, 42.338745, 4689503.32124, -71.0900333333, 327825.851151, 4689503.32124, 19
1487795263256615, 42.338745, 4689503.32124, -71.0900333333, 327825.851151, 4689503.32124, 19
1487795264226486, 42.338745, 4689503.32124, -71.0900333333, 327825.851151, 4689503.32124, 19
1487795265226671, 42.338745, 4689503.32124, -71.0900333333, 327825.851151, 4689503.32124, 19
1487795266210127, 42.338745, 4689503.32124, -71.0900333333, 327825.851151, 4689503.32124, 19
1487795267210945, 42.338745, 4689503.32124, -71.0900333333, 327825.851151, 4689503.32124, 19
1487795268210563, 42.338745, 4689503.32124, -71.0900333333, 327825.851151, 4689503.32124, 19
1487795269211351, 42.338745, 4689503.32124, -71.0900333333, 327825.851151, 4689503.32124, 19
1487795270226699, 42.3387433333, 4689503.13617, -71.0900333333, 327825.846602, 4689503.13617, 19
1487795271226876, 42.3387433333, 4689503.13617, -71.0900333333, 327825.846602, 4689503.13617, 19
1487795272210723, 42.3387433333, 4689503.13617, -71.0900333333, 327825.846602, 4689503.13617, 19
1487795273209686, 42.3387433333, 4689503.13617, -71.0900333333, 327825.846602, 4689503.13617, 19
1487795274210050, 42.3387416667, 4689502.9511, -71.0900333333, 327825.842054, 4689502.9511, 19
1487795275211049, 42.3387416667, 4689502.9511, -71.0900333333, 327825.842054, 4689502.9511, 19
1487795276210101, 42.3387416667, 4689502.9511, -71.0900333333, 327825.842054, 4689502.9511, 19
1487795277209946, 42.3387416667, 4689502.9511, -71.0900333333, 327825.842054, 4689502.9511, 19
1487795278210676, 42.3387416667, 4689502.9511, -71.0900333333, 327825.842054, 4689502.9511, 19
1487795279210193, 42.33874, 4689502.76603, -71.0900333333, 327825.837505, 4689502.76603, 19
1487795280210131, 42.33874, 4689502.76603, -71.0900333333, 327825.837505, 4689502.76603, 19
1487795281210789, 42.33874, 4689502.76603, -71.0900333333, 327825.837505, 4689502.76603, 19
1487795282208346, 42.33874, 4689502.76603, -71.0900333333, 327825.837505, 4689502.76603, 19
1487795283209127, 42.33874, 4689502.76603, -71.0900333333, 327825.837505, 4689502.76603, 19
1487795284208709, 42.3387383333, 4689502.58096, -71.0900333333, 327825.832956, 4689502.58096, 19
1487795285208311, 42.3387383333, 4689502.58096, -71.0900333333, 327825.832956, 4689502.58096, 19
1487795286209349, 42.3387383333, 4689502.58096, -71.0900333333, 327825.832956, 4689502.58096, 19
1487795287208943, 42.3387383333, 4689502.58096, -71.0900333333, 327825.832956, 4689502.58096, 19
1487795288208698, 42.3387366667, 4689502.39589, -71.0900333333, 327825.828407, 4689502.39589, 19
1487795289208441, 42.3387366667, 4689502.39589, -71.0900333333, 327825.828407, 4689502.39589, 19
1487795290208375, 42.3387366667, 4689502.39589, -71.0900333333, 327825.828407, 4689502.39589, 19
1487795291209201, 42.3387366667, 4689502.39589, -71.0900333333, 327825.828407, 4689502.39589, 19
1487795292209184, 42.3387366667, 4689502.39589, -71.0900333333, 327825.828407, 4689502.39589, 19
1487795293238671, 42.338735, 4689502.21082, -71.0900333333, 327825.823858, 4689502.21082, 19
1487795294208308, 42.338735, 4689502.21082, -71.0900333333, 327825.823858, 4689502.21082, 19
1487795295208759, 42.338735, 4689502.21082, -71.0900333333, 327825.823858, 4689502.21082, 19
1487795296208744, 42.338735, 4689502.21082, -71.0900333333, 327825.823858, 4689502.21082, 19
1487795297207985, 42.338735, 4689502.21082, -71.0900333333, 327825.823858, 4689502.21082, 19
1487795298208339, 42.3387333333, 4689502.02575, -71.0900333333, 327825.819309, 4689502.02575, 19
1487795299209838, 42.3387333333, 4689502.02575, -71.0900333333, 327825.819309, 4689502.02575, 19
1487795300208813, 42.3387333333, 4689502.02575, -71.0900333333, 327825.819309, 4689502.02575, 19
1487795301208279, 42.3387333333, 4689502.02575, -71.0900333333, 327825.819309, 4689502.02575, 19
1487795302208198, 42.3387333333, 4689502.02575, -71.0900333333, 327825.819309, 4689502.02575, 19
1487795303208658, 42.3387316667, 4689501.84068, -71.0900333333, 327825.81476, 4689501.84068, 19
1487795304209274, 42.3387316667, 4689501.84068, -71.0900333333, 327825.81476, 4689501.84068, 19
1487795305209208, 42.3387316667, 4689501.84068, -71.0900333333, 327825.81476, 4689501.84068, 19
1487795306208460, 42.3387316667, 4689501.84068, -71.0900333333, 327825.81476, 4689501.84068, 19
1487795307209014, 42.3387316667, 4689501.84068, -71.0900333333, 327825.81476, 4689501.84068, 19
1487795308208639, 42.3387316667, 4689501.84068, -71.0900333333, 327825.81476, 4689501.84068, 19
1487795309208103, 42.3387316667, 4689501.84068, -71.0900333333, 327825.81476, 4689501.84068, 19
1487795310208199, 42.33873, 4689501.6556, -71.0900333333, 327825.810211, 4689501.6556, 19
1487795311208896, 42.33873, 4689501.6556, -71.0900333333, 327825.810211, 4689501.6556, 19
1487795312224591, 42.33873, 4689501.6556, -71.0900333333, 327825.810211, 4689501.6556, 19
1487795313224740, 42.33873, 4689501.6556, -71.0900333333, 327825.810211, 4689501.6556, 19
1487795314224602, 42.33873, 4689501.6556, -71.0900333333, 327825.810211, 4689501.6556, 19
1487795315224993, 42.33873, 4689501.6556, -71.0900333333, 327825.810211, 4689501.6556, 19
1487795316208083, 42.33873, 4689501.6556, -71.0900333333, 327825.810211, 4689501.6556, 19
1487795317209588, 42.33873, 4689501.6556, -71.0900333333, 327825.810211, 4689501.6556, 19
1487795318208246, 42.33873, 4689501.6556, -71.0900333333, 327825.810211, 4689501.6556, 19
1487795319208851, 42.33873, 4689501.6556, -71.0900333333, 327825.810211, 4689501.6556, 19
1487795320210039, 42.33873, 4689501.6556, -71.0900333333, 327825.810211, 4689501.6556, 19
1487795321226440, 42.33873, 4689501.6556, -71.0900333333, 327825.810211, 4689501.6556, 19
1487795322226337, 42.33873, 4689501.6556, -71.0900333333, 327825.810211, 4689501.6556, 19
1487795323241003, 42.33873, 4689501.6556, -71.0900333333, 327825.810211, 4689501.6556, 19
1487795324208793, 42.3387283333, 4689501.47053, -71.0900333333, 327825.805662, 4689501.47053, 19
1487795325209233, 42.3387283333, 4689501.50428, -71.09005, 327824.432627, 4689501.50428, 19
1487795326208904, 42.3387283333, 4689501.50428, -71.09005, 327824.432627, 4689501.50428, 19
1487795327209242, 42.3387283333, 4689501.50428, -71.09005, 327824.432627, 4689501.50428, 19
1487795328208774, 42.3387283333, 4689501.50428, -71.09005, 327824.432627, 4689501.50428, 19
1487795329209603, 42.3387283333, 4689501.50428, -71.09005, 327824.432627, 4689501.50428, 19
1487795330208796, 42.3387283333, 4689501.50428, -71.09005, 327824.432627, 4689501.50428, 19
1487795331208848, 42.3387283333, 4689501.50428, -71.09005, 327824.432627, 4689501.50428, 19
1487795332209270, 42.3387266667, 4689501.31921, -71.09005, 327824.428078, 4689501.31921, 19
1487795333208974, 42.3387266667, 4689501.31921, -71.09005, 327824.428078, 4689501.31921, 19
1487795334208833, 42.3387266667, 4689501.31921, -71.09005, 327824.428078, 4689501.31921, 19
1487795335209633, 42.3387266667, 4689501.31921, -71.09005, 327824.428078, 4689501.31921, 19
1487795336209502, 42.3387266667, 4689501.31921, -71.09005, 327824.428078, 4689501.31921, 19
1487795337208650, 42.3387266667, 4689501.31921, -71.09005, 327824.428078, 4689501.31921, 19
1487795338209014, 42.3387266667, 4689501.31921, -71.09005, 327824.428078, 4689501.31921, 19
1487795339208858, 42.3387266667, 4689501.31921, -71.09005, 327824.428078, 4689501.31921, 19
1487795340209536, 42.338725, 4689501.13414, -71.09005, 327824.423529, 4689501.13414, 19
1487795341209566, 42.338725, 4689501.13414, -71.09005, 327824.423529, 4689501.13414, 19
1487795342208720, 42.338725, 4689501.13414, -71.09005, 327824.423529, 4689501.13414, 19
1487795343208972, 42.338725, 4689501.13414, -71.09005, 327824.423529, 4689501.13414, 19
1487795344208340, 42.338725, 4689501.13414, -71.09005, 327824.423529, 4689501.13414, 19
1487795345207985, 42.338725, 4689501.13414, -71.09005, 327824.423529, 4689501.13414, 19
1487795346208196, 42.338725, 4689501.13414, -71.09005, 327824.423529, 4689501.13414, 19
1487795347209091, 42.338725, 4689501.13414, -71.09005, 327824.423529, 4689501.13414, 19
1487795348208213, 42.338725, 4689501.13414, -71.09005, 327824.423529, 4689501.13414, 19
1487795349208264, 42.3387233333, 4689500.94907, -71.09005, 327824.41898, 4689500.94907, 19
1487795350207975, 42.3387233333, 4689500.94907, -71.09005, 327824.41898, 4689500.94907, 19
1487795351209092, 42.3387233333, 4689500.94907, -71.09005, 327824.41898, 4689500.94907, 19
1487795352208737, 42.3387233333, 4689500.94907, -71.09005, 327824.41898, 4689500.94907, 19
1487795353238369, 42.3387233333, 4689500.94907, -71.09005, 327824.41898, 4689500.94907, 19
1487795354208474, 42.3387233333, 4689500.94907, -71.09005, 327824.41898, 4689500.94907, 19
1487795355208864, 42.3387233333, 4689500.94907, -71.09005, 327824.41898, 4689500.94907, 19
1487795356208574, 42.3387233333, 4689500.94907, -71.09005, 327824.41898, 4689500.94907, 19
1487795357208507, 42.3387233333, 4689500.94907, -71.09005, 327824.41898, 4689500.94907, 19
1487795358207895, 42.3387233333, 4689500.94907, -71.09005, 327824.41898, 4689500.94907, 19
1487795359208845, 42.3387233333, 4689500.94907, -71.09005, 327824.41898, 4689500.94907, 19
1487795360207973, 42.3387233333, 4689500.94907, -71.09005, 327824.41898, 4689500.94907, 19
1487795361207645, 42.3387233333, 4689500.94907, -71.09005, 327824.41898, 4689500.94907, 19
1487795362207546, 42.3387216667, 4689500.764, -71.09005, 327824.414431, 4689500.764, 19
1487795363224794, 42.3387216667, 4689500.764, -71.09005, 327824.414431, 4689500.764, 19
1487795364224352, 42.3387216667, 4689500.764, -71.09005, 327824.414431, 4689500.764, 19
1487795365225317, 42.3387216667, 4689500.764, -71.09005, 327824.414431, 4689500.764, 19
1487795366224365, 42.3387216667, 4689500.764, -71.09005, 327824.414431, 4689500.764, 19
1487795367207853, 42.3387216667, 4689500.764, -71.09005, 327824.414431, 4689500.764, 19
1487795368208152, 42.3387216667, 4689500.764, -71.09005, 327824.414431, 4689500.764, 19
1487795369208489, 42.3387216667, 4689500.764, -71.09005, 327824.414431, 4689500.764, 19
1487795370208242, 42.3387216667, 4689500.764, -71.09005, 327824.414431, 4689500.764, 19
1487795371209032, 42.3387216667, 4689500.764, -71.09005, 327824.414431, 4689500.764, 19
1487795372224927, 42.3387216667, 4689500.764, -71.09005, 327824.414431, 4689500.764, 19
1487795373224689, 42.3387216667, 4689500.764, -71.09005, 327824.414431, 4689500.764, 19
1487795374208313, 42.3387216667, 4689500.764, -71.09005, 327824.414431, 4689500.764, 19
1487795375208192, 42.3387216667, 4689500.764, -71.09005, 327824.414431, 4689500.764, 19
1487795376207852, 42.33872, 4689500.57893, -71.09005, 327824.409882, 4689500.57893, 19
1487795377209397, 42.33872, 4689500.57893, -71.09005, 327824.409882, 4689500.57893, 19
1487795378208073, 42.33872, 4689500.57893, -71.09005, 327824.409882, 4689500.57893, 19
1487795379207671, 42.33872, 4689500.57893, -71.09005, 327824.409882, 4689500.57893, 19
1487795380207535, 42.33872, 4689500.57893, -71.09005, 327824.409882, 4689500.57893, 19
1487795381207602, 42.33872, 4689500.57893, -71.09005, 327824.409882, 4689500.57893, 19
1487795382207982, 42.33872, 4689500.57893, -71.09005, 327824.409882, 4689500.57893, 19
1487795383209149, 42.33872, 4689500.57893, -71.09005, 327824.409882, 4689500.57893, 19
1487795384208428, 42.33872, 4689500.57893, -71.09005, 327824.409882, 4689500.57893, 19
1487795385208175, 42.33872, 4689500.57893, -71.09005, 327824.409882, 4689500.57893, 19
1487795386211165, 42.33872, 4689500.57893, -71.09005, 327824.409882, 4689500.57893, 19
1487795387209539, 42.33872, 4689500.57893, -71.09005, 327824.409882, 4689500.57893, 19
1487795388208121, 42.33872, 4689500.57893, -71.09005, 327824.409882, 4689500.57893, 19
1487795389209173, 42.33872, 4689500.57893, -71.09005, 327824.409882, 4689500.57893, 19
1487795390208524, 42.33872, 4689500.57893, -71.09005, 327824.409882, 4689500.57893, 19
1487795391209760, 42.3387183333, 4689500.39386, -71.09005, 327824.405333, 4689500.39386, 19
1487795392209997, 42.3387183333, 4689500.39386, -71.09005, 327824.405333, 4689500.39386, 19
1487795393209687, 42.3387183333, 4689500.39386, -71.09005, 327824.405333, 4689500.39386, 19
1487795394209540, 42.3387183333, 4689500.39386, -71.09005, 327824.405333, 4689500.39386, 19
1487795395211244, 42.3387183333, 4689500.39386, -71.09005, 327824.405333, 4689500.39386, 19
1487795396209691, 42.3387183333, 4689500.39386, -71.09005, 327824.405333, 4689500.39386, 19
1487795397209397, 42.3387183333, 4689500.39386, -71.09005, 327824.405333, 4689500.39386, 19
1487795398210290, 42.3387183333, 4689500.39386, -71.09005, 327824.405333, 4689500.39386, 19
1487795399209840, 42.3387183333, 4689500.39386, -71.09005, 327824.405333, 4689500.39386, 19
1487795400208770, 42.3387183333, 4689500.39386, -71.09005, 327824.405333, 4689500.39386, 19
1487795401209320, 42.3387183333, 4689500.39386, -71.09005, 327824.405333, 4689500.39386, 19
1487795402213292, 42.3387183333, 4689500.39386, -71.09005, 327824.405333, 4689500.39386, 19
1487795403208434, 42.3387183333, 4689500.39386, -71.09005, 327824.405333, 4689500.39386, 19
1487795404208209, 42.3387183333, 4689500.39386, -71.09005, 327824.405333, 4689500.39386, 19
1487795405208492, 42.3387183333, 4689500.39386, -71.09005, 327824.405333, 4689500.39386, 19
1487795406208696, 42.33872, 4689500.57893, -71.09005, 327824.409882, 4689500.57893, 19
1487795407209058, 42.33872, 4689500.57893, -71.09005, 327824.409882, 4689500.57893, 19
1487795408208303, 42.33872, 4689500.57893, -71.09005, 327824.409882, 4689500.57893, 19
1487795409208006, 42.33872, 4689500.57893, -71.09005, 327824.409882, 4689500.57893, 19
1487795410209117, 42.33872, 4689500.57893, -71.09005, 327824.409882, 4689500.57893, 19
1487795411208459, 42.33872, 4689500.57893, -71.09005, 327824.409882, 4689500.57893, 19
1487795412208586, 42.33872, 4689500.57893, -71.09005, 327824.409882, 4689500.57893, 19
1487795413254998, 42.33872, 4689500.57893, -71.09005, 327824.409882, 4689500.57893, 19
1487795414208142, 42.33872, 4689500.57893, -71.09005, 327824.409882, 4689500.57893, 19
1487795415224798, 42.33872, 4689500.57893, -71.09005, 327824.409882, 4689500.57893, 19
1487795416225538, 42.33872, 4689500.57893, -71.09005, 327824.409882, 4689500.57893, 19
1487795417224686, 42.33872, 4689500.57893, -71.09005, 327824.409882, 4689500.57893, 19
1487795418207363, 42.33872, 4689500.57893, -71.09005, 327824.409882, 4689500.57893, 19
1487795419208955, 42.3387216667, 4689500.764, -71.09005, 327824.414431, 4689500.764, 19
1487795420209445, 42.3387216667, 4689500.764, -71.09005, 327824.414431, 4689500.764, 19
1487795421208124, 42.3387216667, 4689500.764, -71.09005, 327824.414431, 4689500.764, 19
1487795422224876, 42.3387216667, 4689500.764, -71.09005, 327824.414431, 4689500.764, 19
1487795423225102, 42.3387216667, 4689500.764, -71.09005, 327824.414431, 4689500.764, 19
1487795424207425, 42.3387216667, 4689500.764, -71.09005, 327824.414431, 4689500.764, 19
1487795425209588, 42.3387216667, 4689500.764, -71.09005, 327824.414431, 4689500.764, 19
1487795426206917, 42.3387216667, 4689500.764, -71.09005, 327824.414431, 4689500.764, 19
1487795427207021, 42.3387216667, 4689500.764, -71.09005, 327824.414431, 4689500.764, 19
1487795428207322, 42.3387216667, 4689500.764, -71.09005, 327824.414431, 4689500.764, 19
1487795429206955, 42.3387216667, 4689500.764, -71.09005, 327824.414431, 4689500.764, 19
1487795430206936, 42.3387216667, 4689500.764, -71.09005, 327824.414431, 4689500.764, 19
1487795431207987, 42.3387216667, 4689500.764, -71.09005, 327824.414431, 4689500.764, 19
1487795432208972, 42.3387216667, 4689500.764, -71.09005, 327824.414431, 4689500.764, 19
1487795433206972, 42.3387216667, 4689500.764, -71.09005, 327824.414431, 4689500.764, 19
1487795434206995, 42.3387216667, 4689500.764, -71.09005, 327824.414431, 4689500.764, 19
1487795435207222, 42.3387216667, 4689500.764, -71.09005, 327824.414431, 4689500.764, 19
1487795436208408, 42.3387216667, 4689500.764, -71.09005, 327824.414431, 4689500.764, 19
1487795437238205, 42.3387216667, 4689500.764, -71.09005, 327824.414431, 4689500.764, 19
1487795438207554, 42.3387216667, 4689500.764, -71.09005, 327824.414431, 4689500.764, 19
1487795439207074, 42.3387216667, 4689500.764, -71.09005, 327824.414431, 4689500.764, 19
1487795440207981, 42.3387216667, 4689500.764, -71.09005, 327824.414431, 4689500.764, 19
1487795441207886, 42.3387216667, 4689500.764, -71.09005, 327824.414431, 4689500.764, 19
1487795442206558, 42.3387216667, 4689500.764, -71.09005, 327824.414431, 4689500.764, 19
1487795443236439, 42.3387216667, 4689500.764, -71.09005, 327824.414431, 4689500.764, 19
1487795444207240, 42.3387216667, 4689500.764, -71.09005, 327824.414431, 4689500.764, 19
1487795445207735, 42.3387216667, 4689500.764, -71.09005, 327824.414431, 4689500.764, 19
1487795446207239, 42.3387216667, 4689500.764, -71.09005, 327824.414431, 4689500.764, 19
1487795447206923, 42.3387216667, 4689500.764, -71.09005, 327824.414431, 4689500.764, 19
1487795448207875, 42.3387216667, 4689500.764, -71.09005, 327824.414431, 4689500.764, 19
1487795449208279, 42.3387216667, 4689500.764, -71.09005, 327824.414431, 4689500.764, 19
1487795450206632, 42.3387216667, 4689500.764, -71.09005, 327824.414431, 4689500.764, 19
1487795451206466, 42.3387216667, 4689500.764, -71.09005, 327824.414431, 4689500.764, 19
1487795452207020, 42.3387233333, 4689500.94907, -71.09005, 327824.41898, 4689500.94907, 19
1487795453207481, 42.3387233333, 4689500.94907, -71.09005, 327824.41898, 4689500.94907, 19
1487795454206852, 42.3387233333, 4689500.94907, -71.09005, 327824.41898, 4689500.94907, 19
1487795455207456, 42.3387233333, 4689500.94907, -71.09005, 327824.41898, 4689500.94907, 19
1487795456207922, 42.3387233333, 4689500.94907, -71.09005, 327824.41898, 4689500.94907, 19
1487795457207005, 42.3387233333, 4689500.94907, -71.09005, 327824.41898, 4689500.94907, 19
1487795458206792, 42.3387233333, 4689500.94907, -71.09005, 327824.41898, 4689500.94907, 19
1487795459207466, 42.3387233333, 4689500.94907, -71.09005, 327824.41898, 4689500.94907, 19
1487795460206692, 42.3387233333, 4689500.94907, -71.09005, 327824.41898, 4689500.94907, 19
1487795461207187, 42.3387233333, 4689500.94907, -71.09005, 327824.41898, 4689500.94907, 19
1487795462206309, 42.3387233333, 4689500.94907, -71.09005, 327824.41898, 4689500.94907, 19
1487795463222553, 42.3387233333, 4689500.94907, -71.09005, 327824.41898, 4689500.94907, 19
1487795464207710, 42.3387233333, 4689500.94907, -71.09005, 327824.41898, 4689500.94907, 19
1487795465206014, 42.3387233333, 4689500.94907, -71.09005, 327824.41898, 4689500.94907, 19
1487795466224460, 42.3387233333, 4689500.94907, -71.09005, 327824.41898, 4689500.94907, 19
1487795467254456, 42.3387233333, 4689500.94907, -71.09005, 327824.41898, 4689500.94907, 19
1487795468224581, 42.3387233333, 4689500.94907, -71.09005, 327824.41898, 4689500.94907, 19
1487795469208216, 42.3387233333, 4689500.94907, -71.09005, 327824.41898, 4689500.94907, 19
1487795470208432, 42.338725, 4689501.13414, -71.09005, 327824.423529, 4689501.13414, 19
1487795471208618, 42.338725, 4689501.13414, -71.09005, 327824.423529, 4689501.13414, 19
1487795472225294, 42.338725, 4689501.13414, -71.09005, 327824.423529, 4689501.13414, 19
1487795473237360, 42.338725, 4689501.13414, -71.09005, 327824.423529, 4689501.13414, 19
1487795474229211, 42.338725, 4689501.13414, -71.09005, 327824.423529, 4689501.13414, 19
1487795475207452, 42.338725, 4689501.13414, -71.09005, 327824.423529, 4689501.13414, 19
1487795476208741, 42.338725, 4689501.13414, -71.09005, 327824.423529, 4689501.13414, 19
1487795477207480, 42.338725, 4689501.13414, -71.09005, 327824.423529, 4689501.13414, 19
1487795478207576, 42.338725, 4689501.13414, -71.09005, 327824.423529, 4689501.13414, 19
1487795479209293, 42.338725, 4689501.13414, -71.09005, 327824.423529, 4689501.13414, 19
1487795480207770, 42.338725, 4689501.13414, -71.09005, 327824.423529, 4689501.13414, 19
1487795481207547, 42.338725, 4689501.13414, -71.09005, 327824.423529, 4689501.13414, 19
1487795482207450, 42.338725, 4689501.13414, -71.09005, 327824.423529, 4689501.13414, 19
1487795483207701, 42.338725, 4689501.13414, -71.09005, 327824.423529, 4689501.13414, 19
1487795484207222, 42.338725, 4689501.13414, -71.09005, 327824.423529, 4689501.13414, 19
1487795485207437, 42.338725, 4689501.13414, -71.09005, 327824.423529, 4689501.13414, 19
1487795486206362, 42.338725, 4689501.13414, -71.09005, 327824.423529, 4689501.13414, 19
1487795487207493, 42.338725, 4689501.13414, -71.09005, 327824.423529, 4689501.13414, 19
1487795488206918, 42.3387266667, 4689501.31921, -71.09005, 327824.428078, 4689501.31921, 19
1487795489206515, 42.3387266667, 4689501.31921, -71.09005, 327824.428078, 4689501.31921, 19
1487795490206537, 42.3387266667, 4689501.31921, -71.09005, 327824.428078, 4689501.31921, 19
1487795491208467, 42.3387266667, 4689501.31921, -71.09005, 327824.428078, 4689501.31921, 19
1487795492207938, 42.3387266667, 4689501.31921, -71.09005, 327824.428078, 4689501.31921, 19
1487795493207027, 42.3387266667, 4689501.31921, -71.09005, 327824.428078, 4689501.31921, 19
1487795494210269, 42.3387266667, 4689501.31921, -71.09005, 327824.428078, 4689501.31921, 19
1487795495208575, 42.3387266667, 4689501.31921, -71.09005, 327824.428078, 4689501.31921, 19
1487795496207525, 42.3387266667, 4689501.31921, -71.09005, 327824.428078, 4689501.31921, 19
1487795497239119, 42.3387266667, 4689501.31921, -71.09005, 327824.428078, 4689501.31921, 19
1487795498207785, 42.3387266667, 4689501.31921, -71.09005, 327824.428078, 4689501.31921, 19
1487795499207752, 42.3387266667, 4689501.31921, -71.09005, 327824.428078, 4689501.31921, 19
1487795500206954, 42.3387266667, 4689501.31921, -71.09005, 327824.428078, 4689501.31921, 19
1487795501207190, 42.3387266667, 4689501.31921, -71.09005, 327824.428078, 4689501.31921, 19
1487795502206014, 42.3387266667, 4689501.31921, -71.09005, 327824.428078, 4689501.31921, 19
1487795503207952, 42.3387266667, 4689501.31921, -71.09005, 327824.428078, 4689501.31921, 19
1487795504206550, 42.3387266667, 4689501.31921, -71.09005, 327824.428078, 4689501.31921, 19
1487795505206547, 42.3387266667, 4689501.31921, -71.09005, 327824.428078, 4689501.31921, 19
1487795506206296, 42.3387266667, 4689501.31921, -71.09005, 327824.428078, 4689501.31921, 19
1487795507207469, 42.3387266667, 4689501.31921, -71.09005, 327824.428078, 4689501.31921, 19
1487795508208047, 42.3387266667, 4689501.31921, -71.09005, 327824.428078, 4689501.31921, 19
1487795509207712, 42.3387266667, 4689501.31921, -71.09005, 327824.428078, 4689501.31921, 19
1487795510207951, 42.3387266667, 4689501.31921, -71.09005, 327824.428078, 4689501.31921, 19
1487795511207158, 42.3387266667, 4689501.31921, -71.09005, 327824.428078, 4689501.31921, 19
1487795512207549, 42.3387266667, 4689501.31921, -71.09005, 327824.428078, 4689501.31921, 19
1487795513206788, 42.3387266667, 4689501.31921, -71.09005, 327824.428078, 4689501.31921, 19
1487795514223351, 42.3387266667, 4689501.31921, -71.09005, 327824.428078, 4689501.31921, 19
1487795515223802, 42.3387266667, 4689501.31921, -71.09005, 327824.428078, 4689501.31921, 19
1487795516227396, 42.3387266667, 4689501.31921, -71.09005, 327824.428078, 4689501.31921, 19
1487795517209781, 42.3387266667, 4689501.31921, -71.09005, 327824.428078, 4689501.31921, 19
1487795518226764, 42.3387266667, 4689501.31921, -71.09005, 327824.428078, 4689501.31921, 19
1487795519227654, 42.3387266667, 4689501.31921, -71.09005, 327824.428078, 4689501.31921, 19
1487795520210952, 42.3387266667, 4689501.31921, -71.09005, 327824.428078, 4689501.31921, 19
1487795521211476, 42.3387266667, 4689501.31921, -71.09005, 327824.428078, 4689501.31921, 19
1487795522210435, 42.3387266667, 4689501.31921, -71.09005, 327824.428078, 4689501.31921, 19
1487795523227769, 42.3387266667, 4689501.31921, -71.09005, 327824.428078, 4689501.31921, 19
1487795524228271, 42.3387266667, 4689501.31921, -71.09005, 327824.428078, 4689501.31921, 19
1487795525210401, 42.3387266667, 4689501.31921, -71.09005, 327824.428078, 4689501.31921, 19
1487795526210229, 42.3387266667, 4689501.31921, -71.09005, 327824.428078, 4689501.31921, 19
1487795527257443, 42.3387266667, 4689501.31921, -71.09005, 327824.428078, 4689501.31921, 19
1487795528210647, 42.3387266667, 4689501.31921, -71.09005, 327824.428078, 4689501.31921, 19
1487795529207998, 42.3387266667, 4689501.31921, -71.09005, 327824.428078, 4689501.31921, 19
1487795530210127, 42.3387266667, 4689501.31921, -71.09005, 327824.428078, 4689501.31921, 19
1487795531208763, 42.3387266667, 4689501.31921, -71.09005, 327824.428078, 4689501.31921, 19
1487795532208092, 42.3387266667, 4689501.31921, -71.09005, 327824.428078, 4689501.31921, 19
1487795533240268, 42.3387266667, 4689501.31921, -71.09005, 327824.428078, 4689501.31921, 19
1487795534209967, 42.3387266667, 4689501.31921, -71.09005, 327824.428078, 4689501.31921, 19
1487795535211230, 42.3387266667, 4689501.31921, -71.09005, 327824.428078, 4689501.31921, 19
1487795536211162, 42.3387266667, 4689501.31921, -71.09005, 327824.428078, 4689501.31921, 19
1487795537210464, 42.3387266667, 4689501.31921, -71.09005, 327824.428078, 4689501.31921, 19
1487795538210364, 42.3387266667, 4689501.31921, -71.09005, 327824.428078, 4689501.31921, 19
1487795539210773, 42.3387266667, 4689501.31921, -71.09005, 327824.428078, 4689501.31921, 19
1487795540211102, 42.3387266667, 4689501.31921, -71.09005, 327824.428078, 4689501.31921, 19
1487795541210118, 42.3387266667, 4689501.31921, -71.09005, 327824.428078, 4689501.31921, 19
1487795542209345, 42.3387266667, 4689501.31921, -71.09005, 327824.428078, 4689501.31921, 19
1487795543209592, 42.3387266667, 4689501.31921, -71.09005, 327824.428078, 4689501.31921, 19
1487795544209203, 42.3387266667, 4689501.31921, -71.09005, 327824.428078, 4689501.31921, 19
1487795545210672, 42.3387266667, 4689501.31921, -71.09005, 327824.428078, 4689501.31921, 19
1487795546210136, 42.3387266667, 4689501.31921, -71.09005, 327824.428078, 4689501.31921, 19
1487795547209654, 42.3387266667, 4689501.31921, -71.09005, 327824.428078, 4689501.31921, 19
1487795548210708, 42.3387266667, 4689501.31921, -71.09005, 327824.428078, 4689501.31921, 19
1487795549209637, 42.3387266667, 4689501.31921, -71.09005, 327824.428078, 4689501.31921, 19
1487795550211371, 42.3387266667, 4689501.31921, -71.09005, 327824.428078, 4689501.31921, 19
1487795551210594, 42.3387266667, 4689501.31921, -71.09005, 327824.428078, 4689501.31921, 19
1487795552209932, 42.3387266667, 4689501.31921, -71.09005, 327824.428078, 4689501.31921, 19
1487795553211312, 42.3387266667, 4689501.31921, -71.09005, 327824.428078, 4689501.31921, 19
1487795554209598, 42.3387266667, 4689501.31921, -71.09005, 327824.428078, 4689501.31921, 19
1487795555209740, 42.3387266667, 4689501.31921, -71.09005, 327824.428078, 4689501.31921, 19
1487795556210305, 42.3387266667, 4689501.31921, -71.09005, 327824.428078, 4689501.31921, 19
1487795557209958, 42.3387266667, 4689501.31921, -71.09005, 327824.428078, 4689501.31921, 19
1487795558209162, 42.3387266667, 4689501.31921, -71.09005, 327824.428078, 4689501.31921, 19
1487795559209806, 42.3387266667, 4689501.31921, -71.09005, 327824.428078, 4689501.31921, 19
1487795560210149, 42.3387266667, 4689501.31921, -71.09005, 327824.428078, 4689501.31921, 19
1487795561209722, 42.3387266667, 4689501.31921, -71.09005, 327824.428078, 4689501.31921, 19
1487795562208654, 42.3387266667, 4689501.31921, -71.09005, 327824.428078, 4689501.31921, 19
1487795563238630, 42.3387266667, 4689501.31921, -71.09005, 327824.428078, 4689501.31921, 19
1487795564227102, 42.3387266667, 4689501.31921, -71.09005, 327824.428078, 4689501.31921, 19
1487795565208823, 42.3387266667, 4689501.31921, -71.09005, 327824.428078, 4689501.31921, 19
1487795566209465, 42.3387266667, 4689501.31921, -71.09005, 327824.428078, 4689501.31921, 19
1487795567226794, 42.3387266667, 4689501.31921, -71.09005, 327824.428078, 4689501.31921, 19
1487795568226938, 42.3387266667, 4689501.31921, -71.09005, 327824.428078, 4689501.31921, 19
1487795569210165, 42.3387266667, 4689501.31921, -71.09005, 327824.428078, 4689501.31921, 19
1487795570225820, 42.3387266667, 4689501.31921, -71.09005, 327824.428078, 4689501.31921, 19
1487795571210169, 42.3387266667, 4689501.31921, -71.09005, 327824.428078, 4689501.31921, 19
1487795572211743, 42.3387266667, 4689501.31921, -71.09005, 327824.428078, 4689501.31921, 19
1487795573211044, 42.3387266667, 4689501.31921, -71.09005, 327824.428078, 4689501.31921, 19
1487795574228639, 42.3387266667, 4689501.31921, -71.09005, 327824.428078, 4689501.31921, 19
1487795575212444, 42.3387266667, 4689501.31921, -71.09005, 327824.428078, 4689501.31921, 19
1487795576211019, 42.3387266667, 4689501.31921, -71.09005, 327824.428078, 4689501.31921, 19
1487795577227830, 42.3387266667, 4689501.31921, -71.09005, 327824.428078, 4689501.31921, 19
1487795578210670, 42.3387266667, 4689501.31921, -71.09005, 327824.428078, 4689501.31921, 19
1487795579211067, 42.3387266667, 4689501.31921, -71.09005, 327824.428078, 4689501.31921, 19
1487795580211326, 42.3387266667, 4689501.31921, -71.09005, 327824.428078, 4689501.31921, 19
1487795581228275, 42.3387266667, 4689501.31921, -71.09005, 327824.428078, 4689501.31921, 19
1487795582214017, 42.3387266667, 4689501.31921, -71.09005, 327824.428078, 4689501.31921, 19
1487795583214690, 42.3387266667, 4689501.31921, -71.09005, 327824.428078, 4689501.31921, 19
1487795584214559, 42.3387266667, 4689501.31921, -71.09005, 327824.428078, 4689501.31921, 19
1487795585214041, 42.3387266667, 4689501.31921, -71.09005, 327824.428078, 4689501.31921, 19
1487795586214943, 42.3387266667, 4689501.31921, -71.09005, 327824.428078, 4689501.31921, 19
1487795587245316, 42.3387266667, 4689501.31921, -71.09005, 327824.428078, 4689501.31921, 19
1487795588214442, 42.3387266667, 4689501.31921, -71.09005, 327824.428078, 4689501.31921, 19
1487795589213623, 42.3387266667, 4689501.31921, -71.09005, 327824.428078, 4689501.31921, 19
1487795590214759, 42.3387266667, 4689501.31921, -71.09005, 327824.428078, 4689501.31921, 19
1487795591214920, 42.338725, 4689501.13414, -71.09005, 327824.423529, 4689501.13414, 19
1487795592214560, 42.338725, 4689501.13414, -71.09005, 327824.423529, 4689501.13414, 19
1487795593262074, 42.338725, 4689501.13414, -71.09005, 327824.423529, 4689501.13414, 19
1487795594214322, 42.338725, 4689501.13414, -71.09005, 327824.423529, 4689501.13414, 19
1487795595213992, 42.338725, 4689501.13414, -71.09005, 327824.423529, 4689501.13414, 19
1487795596213683, 42.338725, 4689501.13414, -71.09005, 327824.423529, 4689501.13414, 19
1487795597213341, 42.338725, 4689501.13414, -71.09005, 327824.423529, 4689501.13414, 19
1487795598212582, 42.338725, 4689501.13414, -71.09005, 327824.423529, 4689501.13414, 19
1487795599213933, 42.338725, 4689501.13414, -71.09005, 327824.423529, 4689501.13414, 19
1487795600212792, 42.338725, 4689501.13414, -71.09005, 327824.423529, 4689501.13414, 19
1487795601212667, 42.338725, 4689501.13414, -71.09005, 327824.423529, 4689501.13414, 19
1487795602213161, 42.338725, 4689501.13414, -71.09005, 327824.423529, 4689501.13414, 19
1487795603212797, 42.338725, 4689501.13414, -71.09005, 327824.423529, 4689501.13414, 19
1487795604212783, 42.338725, 4689501.13414, -71.09005, 327824.423529, 4689501.13414, 19
1487795605213531, 42.338725, 4689501.13414, -71.09005, 327824.423529, 4689501.13414, 19
1487795606211484, 42.338725, 4689501.13414, -71.09005, 327824.423529, 4689501.13414, 19
1487795607214108, 42.338725, 4689501.13414, -71.09005, 327824.423529, 4689501.13414, 19
1487795608218677, 42.338725, 4689501.13414, -71.09005, 327824.423529, 4689501.13414, 19
1487795609214583, 42.3387233333, 4689500.94907, -71.09005, 327824.41898, 4689500.94907, 19
1487795610213857, 42.3387233333, 4689500.94907, -71.09005, 327824.41898, 4689500.94907, 19
1487795611215477, 42.3387233333, 4689500.94907, -71.09005, 327824.41898, 4689500.94907, 19
1487795612212547, 42.3387233333, 4689500.94907, -71.09005, 327824.41898, 4689500.94907, 19
1487795613213160, 42.3387233333, 4689500.94907, -71.09005, 327824.41898, 4689500.94907, 19
1487795614230950, 42.3387233333, 4689500.94907, -71.09005, 327824.41898, 4689500.94907, 19
1487795615214063, 42.3387233333, 4689500.94907, -71.09005, 327824.41898, 4689500.94907, 19
1487795616213102, 42.3387233333, 4689500.94907, -71.09005, 327824.41898, 4689500.94907, 19
1487795617262530, 42.3387233333, 4689500.94907, -71.09005, 327824.41898, 4689500.94907, 19
1487795618231085, 42.3387233333, 4689500.94907, -71.09005, 327824.41898, 4689500.94907, 19
1487795619212984, 42.3387233333, 4689500.94907, -71.09005, 327824.41898, 4689500.94907, 19
1487795620231376, 42.3387233333, 4689500.94907, -71.09005, 327824.41898, 4689500.94907, 19
1487795621212963, 42.3387233333, 4689500.94907, -71.09005, 327824.41898, 4689500.94907, 19
1487795622213684, 42.3387233333, 4689500.94907, -71.09005, 327824.41898, 4689500.94907, 19
1487795623261964, 42.3387216667, 4689500.764, -71.09005, 327824.414431, 4689500.764, 19
1487795624213396, 42.3387216667, 4689500.764, -71.09005, 327824.414431, 4689500.764, 19
1487795625217608, 42.3387216667, 4689500.764, -71.09005, 327824.414431, 4689500.764, 19
1487795626213260, 42.3387216667, 4689500.764, -71.09005, 327824.414431, 4689500.764, 19
1487795627213086, 42.3387216667, 4689500.764, -71.09005, 327824.414431, 4689500.764, 19
1487795628232312, 42.3387216667, 4689500.764, -71.09005, 327824.414431, 4689500.764, 19
1487795629213697, 42.3387216667, 4689500.764, -71.09005, 327824.414431, 4689500.764, 19
1487795630213215, 42.3387216667, 4689500.764, -71.09005, 327824.414431, 4689500.764, 19
1487795631213810, 42.3387216667, 4689500.764, -71.09005, 327824.414431, 4689500.764, 19
1487795632213575, 42.3387216667, 4689500.764, -71.09005, 327824.414431, 4689500.764, 19
1487795633213357, 42.3387216667, 4689500.764, -71.09005, 327824.414431, 4689500.764, 19
1487795634212955, 42.3387216667, 4689500.764, -71.09005, 327824.414431, 4689500.764, 19
1487795635214786, 42.3387216667, 4689500.764, -71.09005, 327824.414431, 4689500.764, 19
1487795636214216, 42.3387216667, 4689500.764, -71.09005, 327824.414431, 4689500.764, 19
1487795637213796, 42.3387216667, 4689500.764, -71.09005, 327824.414431, 4689500.764, 19
1487795638213285, 42.3387216667, 4689500.764, -71.09005, 327824.414431, 4689500.764, 19
1487795639213323, 42.3387216667, 4689500.764, -71.09005, 327824.414431, 4689500.764, 19
1487795640215200, 42.3387216667, 4689500.764, -71.09005, 327824.414431, 4689500.764, 19
1487795641213828, 42.3387216667, 4689500.764, -71.09005, 327824.414431, 4689500.764, 19
1487795642213067, 42.3387216667, 4689500.764, -71.09005, 327824.414431, 4689500.764, 19
1487795643231141, 42.3387216667, 4689500.764, -71.09005, 327824.414431, 4689500.764, 19
1487795644213149, 42.3387216667, 4689500.764, -71.09005, 327824.414431, 4689500.764, 19
1487795645212286, 42.3387216667, 4689500.764, -71.09005, 327824.414431, 4689500.764, 19
1487795646211995, 42.3387216667, 4689500.764, -71.09005, 327824.414431, 4689500.764, 19
1487795647244420, 42.3387216667, 4689500.764, -71.09005, 327824.414431, 4689500.764, 19
1487795648213564, 42.3387216667, 4689500.764, -71.09005, 327824.414431, 4689500.764, 19
1487795649212792, 42.3387216667, 4689500.764, -71.09005, 327824.414431, 4689500.764, 19
1487795650211905, 42.3387216667, 4689500.764, -71.09005, 327824.414431, 4689500.764, 19
1487795651212413, 42.3387216667, 4689500.764, -71.09005, 327824.414431, 4689500.764, 19
1487795652212761, 42.3387216667, 4689500.764, -71.09005, 327824.414431, 4689500.764, 19
1487795653243156, 42.3387216667, 4689500.764, -71.09005, 327824.414431, 4689500.764, 19
1487795654212335, 42.3387216667, 4689500.764, -71.09005, 327824.414431, 4689500.764, 19
1487795655212402, 42.3387216667, 4689500.764, -71.09005, 327824.414431, 4689500.764, 19
1487795656212040, 42.3387216667, 4689500.764, -71.09005, 327824.414431, 4689500.764, 19
1487795657211534, 42.3387216667, 4689500.764, -71.09005, 327824.414431, 4689500.764, 19
1487795658212265, 42.3387216667, 4689500.764, -71.09005, 327824.414431, 4689500.764, 19
1487795659213293, 42.3387216667, 4689500.764, -71.09005, 327824.414431, 4689500.764, 19
1487795660212962, 42.3387216667, 4689500.764, -71.09005, 327824.414431, 4689500.764, 19
1487795661213017, 42.3387216667, 4689500.764, -71.09005, 327824.414431, 4689500.764, 19
1487795662212517, 42.3387216667, 4689500.764, -71.09005, 327824.414431, 4689500.764, 19
1487795663211735, 42.3387216667, 4689500.764, -71.09005, 327824.414431, 4689500.764, 19
1487795664229506, 42.3387216667, 4689500.764, -71.09005, 327824.414431, 4689500.764, 19
1487795665212406, 42.3387216667, 4689500.764, -71.09005, 327824.414431, 4689500.764, 19
1487795666211843, 42.3387216667, 4689500.764, -71.09005, 327824.414431, 4689500.764, 19
1487795667230108, 42.3387216667, 4689500.764, -71.09005, 327824.414431, 4689500.764, 19
1487795668209818, 42.3387216667, 4689500.764, -71.09005, 327824.414431, 4689500.764, 19
1487795669209592, 42.3387216667, 4689500.764, -71.09005, 327824.414431, 4689500.764, 19
1487795670211687, 42.3387216667, 4689500.764, -71.09005, 327824.414431, 4689500.764, 19
1487795671230969, 42.3387216667, 4689500.764, -71.09005, 327824.414431, 4689500.764, 19
1487795672212439, 42.3387216667, 4689500.764, -71.09005, 327824.414431, 4689500.764, 19
1487795673212569, 42.3387216667, 4689500.764, -71.09005, 327824.414431, 4689500.764, 19
1487795674229959, 42.3387216667, 4689500.764, -71.09005, 327824.414431, 4689500.764, 19
1487795675212265, 42.3387216667, 4689500.764, -71.09005, 327824.414431, 4689500.764, 19
1487795676212795, 42.33872, 4689500.57893, -71.09005, 327824.409882, 4689500.57893, 19
1487795677243955, 42.33872, 4689500.57893, -71.09005, 327824.409882, 4689500.57893, 19
1487795678210672, 42.33872, 4689500.57893, -71.09005, 327824.409882, 4689500.57893, 19
1487795679229226, 42.33872, 4689500.57893, -71.09005, 327824.409882, 4689500.57893, 19
1487795680213115, 42.33872, 4689500.57893, -71.09005, 327824.409882, 4689500.57893, 19
1487795681212206, 42.33872, 4689500.57893, -71.09005, 327824.409882, 4689500.57893, 19
1487795682211783, 42.33872, 4689500.57893, -71.09005, 327824.409882, 4689500.57893, 19
1487795683242436, 42.33872, 4689500.57893, -71.09005, 327824.409882, 4689500.57893, 19
1487795684212143, 42.33872, 4689500.57893, -71.09005, 327824.409882, 4689500.57893, 19
1487795685211615, 42.33872, 4689500.57893, -71.09005, 327824.409882, 4689500.57893, 19
1487795686212887, 42.33872, 4689500.57893, -71.09005, 327824.409882, 4689500.57893, 19
1487795687213247, 42.33872, 4689500.57893, -71.09005, 327824.409882, 4689500.57893, 19
1487795688212740, 42.33872, 4689500.57893, -71.09005, 327824.409882, 4689500.57893, 19
1487795689212634, 42.33872, 4689500.57893, -71.09005, 327824.409882, 4689500.57893, 19
1487795690211989, 42.33872, 4689500.57893, -71.09005, 327824.409882, 4689500.57893, 19
1487795691212606, 42.33872, 4689500.57893, -71.09005, 327824.409882, 4689500.57893, 19
1487795692212720, 42.3387183333, 4689500.39386, -71.09005, 327824.405333, 4689500.39386, 19
1487795693229872, 42.3387183333, 4689500.39386, -71.09005, 327824.405333, 4689500.39386, 19
1487795694212227, 42.3387183333, 4689500.39386, -71.09005, 327824.405333, 4689500.39386, 19
1487795695213204, 42.3387183333, 4689500.39386, -71.09005, 327824.405333, 4689500.39386, 19
1487795696212291, 42.3387183333, 4689500.39386, -71.09005, 327824.405333, 4689500.39386, 19
1487795697212359, 42.3387183333, 4689500.39386, -71.09005, 327824.405333, 4689500.39386, 19
1487795698211872, 42.3387183333, 4689500.39386, -71.09005, 327824.405333, 4689500.39386, 19
1487795699212369, 42.3387183333, 4689500.39386, -71.09005, 327824.405333, 4689500.39386, 19
1487795700212508, 42.3387183333, 4689500.39386, -71.09005, 327824.405333, 4689500.39386, 19
1487795701212260, 42.3387183333, 4689500.39386, -71.09005, 327824.405333, 4689500.39386, 19
1487795702211583, 42.3387183333, 4689500.39386, -71.09005, 327824.405333, 4689500.39386, 19
1487795703212215, 42.3387183333, 4689500.39386, -71.09005, 327824.405333, 4689500.39386, 19
1487795704208939, 42.3387183333, 4689500.39386, -71.09005, 327824.405333, 4689500.39386, 19
1487795705211045, 42.3387183333, 4689500.39386, -71.09005, 327824.405333, 4689500.39386, 19
1487795706210626, 42.3387183333, 4689500.39386, -71.09005, 327824.405333, 4689500.39386, 19
1487795707211504, 42.3387183333, 4689500.39386, -71.09005, 327824.405333, 4689500.39386, 19
1487795708209831, 42.3387183333, 4689500.39386, -71.09005, 327824.405333, 4689500.39386, 19
1487795709210467, 42.3387183333, 4689500.39386, -71.09005, 327824.405333, 4689500.39386, 19
1487795710210035, 42.3387183333, 4689500.39386, -71.09005, 327824.405333, 4689500.39386, 19
1487795711210779, 42.3387183333, 4689500.39386, -71.09005, 327824.405333, 4689500.39386, 19
1487795712211630, 42.3387183333, 4689500.39386, -71.09005, 327824.405333, 4689500.39386, 19
1487795713258117, 42.3387183333, 4689500.39386, -71.09005, 327824.405333, 4689500.39386, 19
1487795714228142, 42.3387183333, 4689500.39386, -71.09005, 327824.405333, 4689500.39386, 19
1487795715211663, 42.3387183333, 4689500.39386, -71.09005, 327824.405333, 4689500.39386, 19
1487795716209010, 42.3387183333, 4689500.39386, -71.09005, 327824.405333, 4689500.39386, 19
1487795717208682, 42.3387183333, 4689500.39386, -71.09005, 327824.405333, 4689500.39386, 19
1487795718208826, 42.3387183333, 4689500.39386, -71.09005, 327824.405333, 4689500.39386, 19
1487795719228282, 42.3387183333, 4689500.39386, -71.09005, 327824.405333, 4689500.39386, 19
1487795720209011, 42.3387183333, 4689500.39386, -71.09005, 327824.405333, 4689500.39386, 19
1487795721209367, 42.3387183333, 4689500.39386, -71.09005, 327824.405333, 4689500.39386, 19
1487795722208478, 42.3387183333, 4689500.39386, -71.09005, 327824.405333, 4689500.39386, 19
1487795723210049, 42.3387183333, 4689500.39386, -71.09005, 327824.405333, 4689500.39386, 19
1487795724208829, 42.3387183333, 4689500.39386, -71.09005, 327824.405333, 4689500.39386, 19
1487795725226236, 42.3387183333, 4689500.39386, -71.09005, 327824.405333, 4689500.39386, 19
1487795726208559, 42.3387183333, 4689500.39386, -71.09005, 327824.405333, 4689500.39386, 19
1487795727209034, 42.3387183333, 4689500.39386, -71.09005, 327824.405333, 4689500.39386, 19
1487795728208640, 42.3387183333, 4689500.39386, -71.09005, 327824.405333, 4689500.39386, 19
1487795729208490, 42.3387183333, 4689500.39386, -71.09005, 327824.405333, 4689500.39386, 19
1487795730226212, 42.3387183333, 4689500.39386, -71.09005, 327824.405333, 4689500.39386, 19
1487795731209561, 42.3387183333, 4689500.39386, -71.09005, 327824.405333, 4689500.39386, 19
1487795732209507, 42.3387183333, 4689500.39386, -71.09005, 327824.405333, 4689500.39386, 19
1487795733208395, 42.3387183333, 4689500.39386, -71.09005, 327824.405333, 4689500.39386, 19
1487795734208965, 42.3387183333, 4689500.39386, -71.09005, 327824.405333, 4689500.39386, 19
1487795735207829, 42.3387183333, 4689500.39386, -71.09005, 327824.405333, 4689500.39386, 19
1487795736208725, 42.3387183333, 4689500.39386, -71.09005, 327824.405333, 4689500.39386, 19
1487795737209793, 42.3387183333, 4689500.39386, -71.09005, 327824.405333, 4689500.39386, 19
1487795738209329, 42.3387183333, 4689500.39386, -71.09005, 327824.405333, 4689500.39386, 19
1487795739208963, 42.3387183333, 4689500.39386, -71.09005, 327824.405333, 4689500.39386, 19
1487795740207767, 42.3387183333, 4689500.39386, -71.09005, 327824.405333, 4689500.39386, 19
1487795741207129, 42.3387183333, 4689500.39386, -71.09005, 327824.405333, 4689500.39386, 19
1487795742208339, 42.3387183333, 4689500.39386, -71.09005, 327824.405333, 4689500.39386, 19
1487795743241113, 42.3387166667, 4689500.20879, -71.09005, 327824.400784, 4689500.20879, 19
1487795744227430, 42.3387166667, 4689500.20879, -71.09005, 327824.400784, 4689500.20879, 19
1487795745211501, 42.3387166667, 4689500.20879, -71.09005, 327824.400784, 4689500.20879, 19
1487795746211766, 42.3387166667, 4689500.20879, -71.09005, 327824.400784, 4689500.20879, 19
1487795747212201, 42.3387166667, 4689500.20879, -71.09005, 327824.400784, 4689500.20879, 19
1487795748211864, 42.3387166667, 4689500.20879, -71.09005, 327824.400784, 4689500.20879, 19
1487795749212775, 42.3387166667, 4689500.20879, -71.09005, 327824.400784, 4689500.20879, 19
1487795750212639, 42.3387166667, 4689500.20879, -71.09005, 327824.400784, 4689500.20879, 19
1487795751212336, 42.3387166667, 4689500.20879, -71.09005, 327824.400784, 4689500.20879, 19
1487795752212686, 42.3387166667, 4689500.20879, -71.09005, 327824.400784, 4689500.20879, 19
1487795753211596, 42.3387166667, 4689500.20879, -71.09005, 327824.400784, 4689500.20879, 19
1487795754212075, 42.3387166667, 4689500.20879, -71.09005, 327824.400784, 4689500.20879, 19
1487795755213244, 42.3387166667, 4689500.20879, -71.09005, 327824.400784, 4689500.20879, 19
1487795756212218, 42.3387166667, 4689500.20879, -71.09005, 327824.400784, 4689500.20879, 19
1487795757211489, 42.3387166667, 4689500.20879, -71.09005, 327824.400784, 4689500.20879, 19
1487795758212112, 42.3387166667, 4689500.20879, -71.09005, 327824.400784, 4689500.20879, 19
1487795759212182, 42.3387166667, 4689500.20879, -71.09005, 327824.400784, 4689500.20879, 19
1487795760212280, 42.3387166667, 4689500.20879, -71.09005, 327824.400784, 4689500.20879, 19
1487795761212576, 42.3387166667, 4689500.20879, -71.09005, 327824.400784, 4689500.20879, 19
1487795762211944, 42.3387166667, 4689500.20879, -71.09005, 327824.400784, 4689500.20879, 19
1487795763229204, 42.338715, 4689500.02372, -71.09005, 327824.396235, 4689500.02372, 19
1487795764228943, 42.338715, 4689500.02372, -71.09005, 327824.396235, 4689500.02372, 19
1487795765211711, 42.338715, 4689500.02372, -71.09005, 327824.396235, 4689500.02372, 19
1487795766211450, 42.338715, 4689500.02372, -71.09005, 327824.396235, 4689500.02372, 19
1487795767212299, 42.338715, 4689500.02372, -71.09005, 327824.396235, 4689500.02372, 19
1487795768212397, 42.338715, 4689500.02372, -71.09005, 327824.396235, 4689500.02372, 19
1487795907211431, 42.338725, 4689501.13414, -71.09005, 327824.423529, 4689501.13414, 19
1487795908211332, 42.338725, 4689501.13414, -71.09005, 327824.423529, 4689501.13414, 19
1487795909210839, 42.3387266667, 4689501.31921, -71.09005, 327824.428078, 4689501.31921, 19
1487795910209312, 42.3387216667, 4689500.764, -71.09005, 327824.414431, 4689500.764, 19
1487795911208869, 42.3387183333, 4689500.42761, -71.0900666667, 327823.032297, 4689500.42761, 19

