$VNYMR,+130.392,+000.540,+006.598,-00.8056,-01.0549,-00.6841,-00.035,-01.094,-09.566,-00.028342,+00.066523,+00.012593*69

$VNYMR,+130.381,+000.559,+006.629,-00.8046,-01.0550,-00.6858,+00.038,-01.315,-09.919,+00.144930,-00.055712,-00.033725*60

$VNYMR,+130.383,+000.524,+006.589,-00.8061,-01.0549,-00.6859,+00.744,-00.697,-09.793,-00.027612,-00.014621,+00.025979*6C

$VNYMR,+130.408,+000.516,+006.580,-00.8040,-01.0550,-00.6864,-00.216,-01.306,-09.111,-00.014062,-00.003768,-00.000196*62

$VNYMR,+130.390,+000.487,+006.599,-00.8040,-01.0550,-00.6840,-00.146,-01.196,-09.665,-00.006348,-00.013090,-00.002775*6A

$VNYMR,+130.393,+000.498,+006.580,-00.8040,-01.0550,-00.6852,+00.008,-01.049,-09.433,+00.001712,+00.008496,-00.003187*6D

$VNYMR,+130.380,+000.513,+006.594,-00.8046,-01.0549,-00.6829,+00.236,-00.962,-09.850,+00.010241,+00.011602,-00.007583*6D

$VNYMR,+130.390,+000.530,+006.591,-00.8046,-01.0550,-00.6841,+00.224,-01.194,-09.568,-00.003165,+00.009224,+00.009107*63

$VNYMR,+130.403,+000.544,+006.599,-00.8046,-01.0550,-00.6858,+00.134,-01.246,-09.403,+00.014673,+00.018737,+00.003521*62
